-215.69 8244 5000 1980.2 
-215.69 8244 5000 995.025 
-183.04 8332 5000 664.452 
-183.04 8332 5000 498.753 
-61.26 8328 5000 399.202 
-117.39 8388 5000 332.779 
-117.39 8388 5000 285.307 
-154.48 8460 5000 249.688 
-42.45 8364 5000 221.976 
-42.45 8364 5000 199.8 
-42.45 8364 5000 181.653 
-42.45 8364 5000 166.528 
-42.45 8364 5000 153.728 
-72.21 8444 5000 142.755 
-72.21 8444 5000 133.245 
-72.21 8444 5000 124.922 
-72.21 8444 5000 117.578 
-72.21 8444 5000 111.049 
-72.21 8444 5000 105.208 
-95.94 8472 5000 99.95 
-95.94 8472 5000 95.1928 
-95.94 8472 5000 90.8678 
-35.85 8508 5000 86.9187 
-35.85 8508 5000 83.2986 
-35.85 8508 5000 79.968 
-35.85 8508 5000 76.8935 
-35.85 8508 5000 74.0466 
-35.85 8508 5000 71.4031 
-35.85 8508 5000 68.9417 
-35.85 8508 5000 66.6445 
-35.85 8508 5000 64.4953 
-35.85 8508 5000 62.4805 
5.46 8560 5000 60.5877 
5.46 8560 5000 58.8062 
5.46 8560 5000 57.1265 
5.46 8560 5000 55.5401 
5.46 8560 5000 54.0394 
5.46 8560 5000 52.6177 
5.46 8560 5000 51.2689 
5.46 8560 5000 49.9875 
5.46 8560 5000 48.7686 
5.46 8560 5000 47.6077 
5.46 8560 5000 46.5008 
5.46 8560 5000 45.4442 
5.46 8560 5000 44.4346 
5.46 8560 5000 43.4688 
5.46 8560 5000 42.5441 
5.46 8560 5000 41.658 
5.46 8560 5000 40.808 
5.46 8560 5000 39.992 
5.46 8560 5000 39.208 
5.46 8560 5000 38.4541 
5.46 8560 5000 37.7287 
5.46 8560 5000 37.0302 
5.46 8560 5000 36.357 
5.46 8560 5000 35.7079 
5.46 8560 5000 35.0816 
5.46 8560 5000 34.4768 
5.46 8560 5000 33.8926 
5.46 8560 5000 33.3278 
5.46 8560 5000 32.7815 
5.46 8560 5000 32.2529 
5.46 8560 5000 31.741 
5.46 8560 5000 31.2451 
5.46 8560 5000 30.7645 
5.46 8560 5000 30.2984 
77.34 8576 5000 29.8463 
77.34 8576 5000 29.4074 
77.34 8576 5000 28.9813 
77.34 8576 5000 28.5673 
77.34 8576 5000 28.165 
77.34 8576 5000 27.7739 
77.34 8576 5000 27.3935 
77.34 8576 5000 27.0234 
77.34 8576 5000 26.6631 
77.34 8576 5000 26.3123 
77.34 8576 5000 25.9707 
77.34 8576 5000 25.6377 
77.34 8576 5000 25.3133 
77.34 8576 5000 24.9969 
77.34 8576 5000 24.6883 
77.34 8576 5000 24.3873 
77.34 8576 5000 24.0935 
77.34 8576 5000 23.8067 
77.34 8576 5000 23.5266 
77.34 8576 5000 23.2531 
77.34 8576 5000 22.9859 
77.34 8576 5000 22.7247 
77.34 8576 5000 22.4694 
77.34 8576 5000 22.2198 
77.34 8576 5000 21.9756 
77.34 8576 5000 21.7368 
77.34 8576 5000 21.5031 
77.34 8576 5000 21.2743 
77.34 8576 5000 21.0504 
77.34 8576 5000 20.8312 
77.34 8576 5000 20.6164 
77.34 8576 5000 20.4061 
77.34 8576 5000 20.2 
77.34 8576 5000 19.998 
77.34 8576 5000 19.8 
77.34 8576 5000 19.6059 
77.34 8576 5000 19.4156 
77.34 8576 5000 19.2289 
77.34 8576 5000 19.0458 
77.34 8576 5000 18.8661 
77.34 8576 5000 18.6898 
77.34 8576 5000 18.5168 
77.34 8576 5000 18.3469 
62.17 8604 5000 18.1802 
62.17 8604 5000 18.0164 
62.17 8604 5000 17.8555 
62.17 8604 5000 17.6975 
62.17 8604 5000 17.5423 
62.17 8604 5000 17.3898 
31.71 8644 5000 17.2399 
31.71 8644 5000 17.0926 
31.71 8644 5000 16.9477 
31.71 8644 5000 16.8053 
31.71 8644 5000 16.6653 
31.71 8644 5000 16.5276 
31.71 8644 5000 16.3921 
31.71 8644 5000 16.2588 
31.71 8644 5000 16.1277 
31.71 8644 5000 15.9987 
31.71 8644 5000 15.8718 
31.71 8644 5000 15.7468 
81.57 8612 5000 15.6238 
81.57 8612 5000 15.5027 
81.57 8612 5000 15.3834 
81.57 8612 5000 15.266 
81.57 8612 5000 15.1504 
81.57 8612 5000 15.0365 
81.57 8612 5000 14.9243 
81.57 8612 5000 14.8137 
81.57 8612 5000 14.7048 
81.57 8612 5000 14.5975 
81.57 8612 5000 14.4917 
81.57 8612 5000 14.3875 
81.57 8612 5000 14.2847 
81.57 8612 5000 14.1834 
81.57 8612 5000 14.0835 
81.57 8612 5000 13.985 
81.57 8612 5000 13.8879 
81.57 8612 5000 13.7922 
81.57 8612 5000 13.6977 
81.57 8612 5000 13.6045 
81.57 8612 5000 13.5126 
81.57 8612 5000 13.4219 
81.57 8612 5000 13.3324 
81.57 8612 5000 13.2442 
81.57 8612 5000 13.157 
81.57 8612 5000 13.071 
81.57 8612 5000 12.9862 
81.57 8612 5000 12.9024 
81.57 8612 5000 12.8197 
81.57 8612 5000 12.738 
81.57 8612 5000 12.6574 
81.57 8612 5000 12.5778 
81.57 8612 5000 12.4992 
81.57 8612 5000 12.4216 
81.57 8612 5000 12.3449 
81.57 8612 5000 12.2692 
81.57 8612 5000 12.1944 
81.57 8612 5000 12.1205 
81.57 8612 5000 12.0475 
38.75 8664 5000 11.9753 
38.75 8664 5000 11.9041 
80.21 8640 5000 11.8336 
80.21 8640 5000 11.764 
80.21 8640 5000 11.6952 
80.21 8640 5000 11.6272 
80.21 8640 5000 11.56 
80.21 8640 5000 11.4936 
80.21 8640 5000 11.4279 
80.21 8640 5000 11.363 
80.21 8640 5000 11.2988 
80.21 8640 5000 11.2353 
80.21 8640 5000 11.1726 
80.21 8640 5000 11.1105 
86.33 8660 5000 11.0491 
86.33 8660 5000 10.9884 
86.33 8660 5000 10.9284 
86.33 8660 5000 10.869 
86.33 8660 5000 10.8102 
86.33 8660 5000 10.7521 
86.33 8660 5000 10.6946 
86.33 8660 5000 10.6377 
86.33 8660 5000 10.5815 
86.33 8660 5000 10.5258 
86.33 8660 5000 10.4707 
86.33 8660 5000 10.4161 
86.33 8660 5000 10.3622 
86.33 8660 5000 10.3087 
86.33 8660 5000 10.2559 
86.33 8660 5000 10.2036 
86.33 8660 5000 10.1518 
86.33 8660 5000 10.1005 
86.33 8660 5000 10.0497 
86.33 8660 5000 9.9995 
86.33 8660 5000 9.94975 
86.33 8660 5000 9.9005 
116.45 8632 5000 9.85173 
116.45 8632 5000 9.80344 
116.45 8632 5000 9.75562 
116.45 8632 5000 9.70827 
116.45 8632 5000 9.66137 
116.45 8632 5000 9.61492 
116.45 8632 5000 9.56892 
116.45 8632 5000 9.52336 
116.45 8632 5000 9.47822 
116.45 8632 5000 9.43352 
116.45 8632 5000 9.38923 
116.45 8632 5000 9.34536 
116.45 8632 5000 9.30189 
116.45 8632 5000 9.25883 
121.45 8640 5000 9.21617 
121.45 8640 5000 9.17389 
121.45 8640 5000 9.132 
121.45 8640 5000 9.0905 
121.45 8640 5000 9.04936 
127.83 8684 5000 9.0086 
127.83 8684 5000 8.96821 
127.83 8684 5000 8.92817 
127.83 8684 5000 8.88849 
127.83 8684 5000 8.84917 
127.83 8684 5000 8.81018 
127.83 8684 5000 8.77155 
127.83 8684 5000 8.73324 
127.83 8684 5000 8.69527 
127.83 8684 5000 8.65763 
127.83 8684 5000 8.62032 
127.83 8684 5000 8.58332 
127.83 8684 5000 8.54664 
127.83 8684 5000 8.51028 
127.83 8684 5000 8.47422 
127.83 8684 5000 8.43846 
127.83 8684 5000 8.40301 
127.83 8684 5000 8.36785 
127.83 8684 5000 8.33299 
127.83 8684 5000 8.29841 
127.83 8684 5000 8.26412 
127.83 8684 5000 8.23011 
127.83 8684 5000 8.19639 
127.83 8684 5000 8.16293 
127.83 8684 5000 8.12975 
127.83 8684 5000 8.09684 
127.83 8684 5000 8.06419 
127.83 8684 5000 8.03181 
127.83 8684 5000 7.99968 
127.83 8684 5000 7.96781 
127.83 8684 5000 7.93619 
127.83 8684 5000 7.90483 
127.83 8684 5000 7.87371 
127.83 8684 5000 7.84283 
127.83 8684 5000 7.81219 
127.83 8684 5000 7.7818 
127.83 8684 5000 7.75164 
127.83 8684 5000 7.72171 
127.83 8684 5000 7.69201 
127.83 8684 5000 7.66254 
127.83 8684 5000 7.6333 
127.83 8684 5000 7.60427 
127.83 8684 5000 7.57547 
127.83 8684 5000 7.54689 
127.83 8684 5000 7.51851 
127.83 8684 5000 7.49036 
127.83 8684 5000 7.46241 
127.83 8684 5000 7.43467 
127.83 8684 5000 7.40713 
127.83 8684 5000 7.3798 
127.83 8684 5000 7.35267 
127.83 8684 5000 7.32574 
127.83 8684 5000 7.299 
127.83 8684 5000 7.27246 
127.83 8684 5000 7.24611 
127.83 8684 5000 7.21996 
127.83 8684 5000 7.19399 
127.83 8684 5000 7.1682 
127.83 8684 5000 7.1426 
127.83 8684 5000 7.11718 
127.83 8684 5000 7.09195 
127.83 8684 5000 7.06689 
127.83 8684 5000 7.04201 
127.83 8684 5000 7.0173 
127.83 8684 5000 6.99276 
127.83 8684 5000 6.9684 
127.83 8684 5000 6.9442 
127.83 8684 5000 6.92018 
127.83 8684 5000 6.89631 
127.83 8684 5000 6.87262 
127.83 8684 5000 6.84908 
127.83 8684 5000 6.82571 
127.83 8684 5000 6.80249 
127.83 8684 5000 6.77943 
127.83 8684 5000 6.75653 
160.52 8668 5000 6.73378 
164.04 8700 5000 6.71118 
164.04 8700 5000 6.68874 
164.04 8700 5000 6.66644 
164.04 8700 5000 6.6443 
164.04 8700 5000 6.6223 
164.04 8700 5000 6.60044 
164.04 8700 5000 6.57873 
164.04 8700 5000 6.55716 
164.04 8700 5000 6.53573 
164.04 8700 5000 6.51445 
164.04 8700 5000 6.4933 
164.04 8700 5000 6.47228 
164.04 8700 5000 6.4514 
164.04 8700 5000 6.43066 
164.04 8700 5000 6.41005 
164.04 8700 5000 6.38957 
164.04 8700 5000 6.36922 
164.04 8700 5000 6.349 
164.04 8700 5000 6.32891 
164.04 8700 5000 6.30895 
164.04 8700 5000 6.28911 
164.04 8700 5000 6.2694 
164.04 8700 5000 6.2498 
164.04 8700 5000 6.23034 
164.04 8700 5000 6.21099 
164.04 8700 5000 6.19176 
164.04 8700 5000 6.17265 
164.04 8700 5000 6.15366 
164.04 8700 5000 6.13478 
164.04 8700 5000 6.11602 
164.04 8700 5000 6.09738 
164.04 8700 5000 6.07884 
164.04 8700 5000 6.06042 
164.04 8700 5000 6.04211 
164.04 8700 5000 6.02391 
164.04 8700 5000 6.00583 
164.04 8700 5000 5.98784 
164.04 8700 5000 5.96997 
164.04 8700 5000 5.9522 
164.04 8700 5000 5.93454 
164.04 8700 5000 5.91698 
164.04 8700 5000 5.89953 
164.04 8700 5000 5.88218 
164.04 8700 5000 5.86493 
164.04 8700 5000 5.84778 
164.04 8700 5000 5.83073 
164.04 8700 5000 5.81378 
164.04 8700 5000 5.79693 
164.04 8700 5000 5.78018 
164.04 8700 5000 5.76352 
164.04 8700 5000 5.74696 
164.04 8700 5000 5.73049 
164.04 8700 5000 5.71412 
164.04 8700 5000 5.69784 
164.04 8700 5000 5.68166 
164.04 8700 5000 5.66556 
164.04 8700 5000 5.64956 
164.04 8700 5000 5.63364 
164.04 8700 5000 5.61782 
164.04 8700 5000 5.60208 
164.04 8700 5000 5.58644 
164.04 8700 5000 5.57088 
164.04 8700 5000 5.5554 
164.04 8700 5000 5.54001 
164.04 8700 5000 5.52471 
164.04 8700 5000 5.50949 
164.04 8700 5000 5.49435 
164.04 8700 5000 5.4793 
164.04 8700 5000 5.46433 
164.04 8700 5000 5.44944 
164.04 8700 5000 5.43463 
164.04 8700 5000 5.41991 
185.73 8680 5000 5.40526 
185.73 8680 5000 5.39069 
185.73 8680 5000 5.3762 
185.73 8680 5000 5.36179 
185.73 8680 5000 5.34745 
185.73 8680 5000 5.33319 
185.73 8680 5000 5.31901 
185.73 8680 5000 5.3049 
185.73 8680 5000 5.29087 
185.73 8680 5000 5.27691 
185.73 8680 5000 5.26302 
185.73 8680 5000 5.24921 
185.73 8680 5000 5.23547 
185.73 8680 5000 5.2218 
185.73 8680 5000 5.2082 
180.48 8700 5000 5.19467 
180.48 8700 5000 5.18121 
180.48 8700 5000 5.16783 
180.48 8700 5000 5.15451 
180.48 8700 5000 5.14126 
184.51 8700 5000 5.12807 
184.51 8700 5000 5.11496 
184.51 8700 5000 5.10191 
184.51 8700 5000 5.08893 
184.51 8700 5000 5.07601 
184.51 8700 5000 5.06316 
184.51 8700 5000 5.05038 
184.51 8700 5000 5.03766 
184.51 8700 5000 5.025 
184.51 8700 5000 5.01241 
184.51 8700 5000 4.99988 
184.51 8700 5000 4.98741 
184.51 8700 5000 4.975 
184.51 8700 5000 4.96266 
184.51 8700 5000 4.95037 
184.51 8700 5000 4.93815 
184.51 8700 5000 4.92599 
184.51 8700 5000 4.91388 
184.51 8700 5000 4.90184 
184.51 8700 5000 4.88986 
184.51 8700 5000 4.87793 
184.51 8700 5000 4.86606 
184.51 8700 5000 4.85425 
184.51 8700 5000 4.8425 
184.51 8700 5000 4.8308 
184.51 8700 5000 4.81916 
184.51 8700 5000 4.80758 
184.51 8700 5000 4.79605 
184.51 8700 5000 4.78457 
184.51 8700 5000 4.77316 
184.51 8700 5000 4.76179 
184.51 8700 5000 4.75048 
184.51 8700 5000 4.73922 
184.51 8700 5000 4.72802 
184.51 8700 5000 4.71687 
184.51 8700 5000 4.70577 
184.51 8700 5000 4.69473 
184.51 8700 5000 4.68373 
193.33 8692 5000 4.67279 
193.33 8692 5000 4.6619 
193.33 8692 5000 4.65105 
193.33 8692 5000 4.64026 
188.41 8712 5000 4.62952 
188.41 8712 5000 4.61883 
188.41 8712 5000 4.60819 
188.41 8712 5000 4.5976 
188.41 8712 5000 4.58705 
188.41 8712 5000 4.57655 
188.41 8712 5000 4.56611 
188.41 8712 5000 4.5557 
188.41 8712 5000 4.54535 
188.41 8712 5000 4.53504 
188.41 8712 5000 4.52478 
188.41 8712 5000 4.51457 
188.41 8712 5000 4.5044 
188.41 8712 5000 4.49428 
188.41 8712 5000 4.4842 
188.41 8712 5000 4.47417 
188.41 8712 5000 4.46419 
188.41 8712 5000 4.45424 
188.41 8712 5000 4.44435 
188.41 8712 5000 4.43449 
188.41 8712 5000 4.42468 
188.41 8712 5000 4.41491 
188.41 8712 5000 4.40519 
188.41 8712 5000 4.39551 
188.41 8712 5000 4.38587 
188.41 8712 5000 4.37627 
188.41 8712 5000 4.36672 
188.41 8712 5000 4.3572 
188.41 8712 5000 4.34773 
184.18 8720 5000 4.3383 
184.18 8720 5000 4.32891 
184.18 8720 5000 4.31956 
184.18 8720 5000 4.31025 
184.18 8720 5000 4.30098 
184.18 8720 5000 4.29175 
184.18 8720 5000 4.28256 
184.18 8720 5000 4.27341 
184.18 8720 5000 4.2643 
184.18 8720 5000 4.25523 
184.18 8720 5000 4.24619 
204.94 8704 5000 4.2372 
204.94 8704 5000 4.22824 
204.94 8704 5000 4.21932 
204.94 8704 5000 4.21044 
204.94 8704 5000 4.20159 
204.94 8704 5000 4.19278 
204.94 8704 5000 4.18401 
204.94 8704 5000 4.17528 
204.94 8704 5000 4.16658 
204.94 8704 5000 4.15792 
219.32 8696 5000 4.14929 
219.32 8696 5000 4.1407 
219.32 8696 5000 4.13215 
219.32 8696 5000 4.12363 
219.32 8696 5000 4.11514 
219.32 8696 5000 4.10669 
219.32 8696 5000 4.09828 
219.32 8696 5000 4.0899 
219.32 8696 5000 4.08155 
219.32 8696 5000 4.07324 
219.32 8696 5000 4.06496 
219.32 8696 5000 4.05671 
219.32 8696 5000 4.0485 
219.32 8696 5000 4.04032 
219.32 8696 5000 4.03218 
219.32 8696 5000 4.02406 
219.32 8696 5000 4.01598 
219.32 8696 5000 4.00794 
219.32 8696 5000 3.99992 
219.32 8696 5000 3.99194 
219.32 8696 5000 3.98398 
223.73 8692 5000 3.97606 
223.73 8692 5000 3.96818 
223.73 8692 5000 3.96032 
223.73 8692 5000 3.95249 
223.73 8692 5000 3.9447 
223.73 8692 5000 3.93693 
223.73 8692 5000 3.9292 
223.73 8692 5000 3.92149 
223.73 8692 5000 3.91382 
223.73 8692 5000 3.90617 
223.73 8692 5000 3.89856 
223.73 8692 5000 3.89097 
223.73 8692 5000 3.88342 
223.73 8692 5000 3.87589 
223.73 8692 5000 3.8684 
223.73 8692 5000 3.86093 
223.73 8692 5000 3.85349 
223.73 8692 5000 3.84608 
223.73 8692 5000 3.8387 
223.73 8692 5000 3.83134 
232.79 8696 5000 3.82402 
232.79 8696 5000 3.81672 
232.79 8696 5000 3.80945 
232.79 8696 5000 3.80221 
232.79 8696 5000 3.79499 
232.79 8696 5000 3.78781 
232.79 8696 5000 3.78065 
232.79 8696 5000 3.77351 
232.79 8696 5000 3.76641 
232.79 8696 5000 3.75933 
232.79 8696 5000 3.75227 
232.79 8696 5000 3.74525 
232.79 8696 5000 3.73825 
232.79 8696 5000 3.73127 
232.79 8696 5000 3.72433 
232.79 8696 5000 3.7174 
232.79 8696 5000 3.71051 
232.79 8696 5000 3.70364 
232.79 8696 5000 3.69679 
232.79 8696 5000 3.68997 
232.79 8696 5000 3.68317 
232.79 8696 5000 3.6764 
213.41 8716 5000 3.66966 
213.41 8716 5000 3.66294 
213.41 8716 5000 3.65624 
213.41 8716 5000 3.64957 
213.41 8716 5000 3.64292 
213.41 8716 5000 3.6363 
213.41 8716 5000 3.6297 
213.41 8716 5000 3.62312 
213.41 8716 5000 3.61657 
213.41 8716 5000 3.61004 
213.41 8716 5000 3.60354 
213.41 8716 5000 3.59706 
213.41 8716 5000 3.5906 
213.41 8716 5000 3.58417 
213.41 8716 5000 3.57775 
213.41 8716 5000 3.57136 
213.41 8716 5000 3.565 
213.41 8716 5000 3.55866 
213.41 8716 5000 3.55233 
213.41 8716 5000 3.54604 
213.41 8716 5000 3.53976 
213.41 8716 5000 3.53351 
213.41 8716 5000 3.52727 
213.41 8716 5000 3.52106 
229.93 8700 5000 3.51488 
229.93 8700 5000 3.50871 
229.93 8700 5000 3.50257 
213.45 8724 5000 3.49644 
213.45 8724 5000 3.49034 
213.45 8724 5000 3.48426 
213.45 8724 5000 3.4782 
213.45 8724 5000 3.47216 
213.45 8724 5000 3.46614 
213.45 8724 5000 3.46015 
213.45 8724 5000 3.45417 
213.45 8724 5000 3.44822 
213.45 8724 5000 3.44228 
213.45 8724 5000 3.43637 
213.45 8724 5000 3.43047 
213.45 8724 5000 3.4246 
213.45 8724 5000 3.41874 
213.45 8724 5000 3.41291 
213.45 8724 5000 3.4071 
213.45 8724 5000 3.4013 
213.45 8724 5000 3.39553 
220.91 8720 5000 3.38977 
220.91 8720 5000 3.38404 
220.91 8720 5000 3.37832 
220.91 8720 5000 3.37262 
229.13 8728 5000 3.36695 
229.13 8728 5000 3.36129 
225.23 8732 5000 3.35565 
225.23 8732 5000 3.35003 
225.23 8732 5000 3.34443 
225.23 8732 5000 3.33884 
225.23 8732 5000 3.33328 
225.23 8732 5000 3.32773 
225.23 8732 5000 3.3222 
223.39 8736 5000 3.31669 
223.39 8736 5000 3.3112 
223.39 8736 5000 3.30573 
223.39 8736 5000 3.30028 
223.39 8736 5000 3.29484 
223.39 8736 5000 3.28942 
223.39 8736 5000 3.28402 
223.39 8736 5000 3.27863 
223.39 8736 5000 3.27327 
1217.51 8708 5000 3.26792 
1217.51 8708 5000 3.26259 
1217.51 8708 5000 3.25728 
1217.51 8708 5000 3.25198 
1217.51 8708 5000 3.2467 
1217.51 8708 5000 3.24144 
1226.09 8712 5000 3.23619 
1226.09 8712 5000 3.23097 
1226.09 8712 5000 3.22575 
1225.89 8716 5000 3.22056 
1225.89 8716 5000 3.21538 
1225.89 8716 5000 3.21022 
1225.89 8716 5000 3.20508 
1225.89 8716 5000 3.19995 
1236.07 8716 5000 3.19484 
1229.47 8732 5000 3.18974 
1229.47 8732 5000 3.18466 
1229.47 8732 5000 3.1796 
1229.47 8732 5000 3.17455 
1229.47 8732 5000 3.16952 
1229.47 8732 5000 3.16451 
1229.47 8732 5000 3.15951 
1229.47 8732 5000 3.15452 
1229.47 8732 5000 3.14956 
1229.47 8732 5000 3.1446 
1229.47 8732 5000 3.13967 
1243.09 8720 5000 3.13475 
1243.09 8720 5000 3.12984 
1243.09 8720 5000 3.12495 
1243.09 8720 5000 3.12008 
1243.09 8720 5000 3.11522 
1243.09 8720 5000 3.11037 
1243.09 8720 5000 3.10554 
1243.09 8720 5000 3.10073 
1243.09 8720 5000 3.09593 
1256.53 8716 5000 3.09114 
1256.53 8716 5000 3.08637 
1256.53 8716 5000 3.08162 
1256.53 8716 5000 3.07688 
1256.53 8716 5000 3.07215 
1256.53 8716 5000 3.06744 
1256.53 8716 5000 3.06274 
1256.53 8716 5000 3.05806 
1256.53 8716 5000 3.05339 
1256.53 8716 5000 3.04873 
1256.53 8716 5000 3.04409 
1256.53 8716 5000 3.03947 
1256.53 8716 5000 3.03486 
1256.53 8716 5000 3.03026 
1256.53 8716 5000 3.02567 
1256.53 8716 5000 3.0211 
1256.53 8716 5000 3.01655 
1256.53 8716 5000 3.012 
1256.53 8716 5000 3.00747 
1256.53 8716 5000 3.00296 
1256.53 8716 5000 2.99846 
1256.53 8716 5000 2.99397 
1256.53 8716 5000 2.98949 
1256.53 8716 5000 2.98503 
1256.53 8716 5000 2.98058 
1256.53 8716 5000 2.97615 
1257.03 8720 5000 2.97172 
1257.03 8720 5000 2.96732 
1257.03 8720 5000 2.96292 
1257.03 8720 5000 2.95854 
1257.03 8720 5000 2.95417 
1257.03 8720 5000 2.94981 
1257.03 8720 5000 2.94546 
1257.03 8720 5000 2.94113 
1257.03 8720 5000 2.93681 
1257.03 8720 5000 2.93251 
1257.03 8720 5000 2.92821 
1257.03 8720 5000 2.92393 
1257.03 8720 5000 2.91967 
1257.03 8720 5000 2.91541 
1257.03 8720 5000 2.91117 
1254.65 8724 5000 2.90693 
1255.95 8724 5000 2.90272 
1255.95 8724 5000 2.89851 
1245.05 8736 5000 2.89431 
1245.05 8736 5000 2.89013 
1245.05 8736 5000 2.88596 
1245.05 8736 5000 2.8818 
1245.05 8736 5000 2.87766 
2267.15 8704 5000 2.87352 
2267.55 8724 5000 2.8694 
2267.55 8724 5000 2.86529 
2267.55 8724 5000 2.86119 
2267.55 8724 5000 2.8571 
2267.55 8724 5000 2.85303 
2267.55 8724 5000 2.84896 
2271.99 8720 5000 2.84491 
2288.25 8720 5000 2.84087 
2287.95 8728 5000 2.83684 
3256.49 8720 5000 2.83282 
3256.49 8720 5000 2.82881 
3256.49 8720 5000 2.82482 
3256.49 8720 5000 2.82083 
3271.91 8728 5000 2.81686 
3287.91 8728 5000 2.8129 
3287.91 8728 5000 2.80895 
3287.91 8728 5000 2.80501 
3287.91 8728 5000 2.80108 
3287.91 8728 5000 2.79716 
3287.91 8728 5000 2.79326 
3287.91 8728 5000 2.78936 
3287.91 8728 5000 2.78548 
3287.91 8728 5000 2.7816 
3287.91 8728 5000 2.77774 
3287.91 8728 5000 2.77389 
3287.91 8728 5000 2.77004 
3287.91 8728 5000 2.76621 
3287.91 8728 5000 2.76239 
3287.91 8728 5000 2.75858 
3287.91 8728 5000 2.75478 
3287.91 8728 5000 2.75099 
3287.91 8728 5000 2.74722 
3287.91 8728 5000 2.74345 
3287.91 8728 5000 2.73969 
3287.91 8728 5000 2.73594 
3287.91 8728 5000 2.7322 
3287.91 8728 5000 2.72848 
3287.91 8728 5000 2.72476 
3278.15 8740 5000 2.72105 
3278.15 8740 5000 2.71735 
3278.15 8740 5000 2.71367 
3278.15 8740 5000 2.70999 
3278.15 8740 5000 2.70632 
3278.15 8740 5000 2.70267 
3278.15 8740 5000 2.69902 
3278.15 8740 5000 2.69538 
3278.15 8740 5000 2.69175 
3278.15 8740 5000 2.68814 
3278.15 8740 5000 2.68453 
3278.15 8740 5000 2.68093 
3278.15 8740 5000 2.67734 
3278.15 8740 5000 2.67376 
3278.15 8740 5000 2.67019 
3292.89 8728 5000 2.66663 
3292.89 8736 5000 2.66308 
3292.89 8736 5000 2.65954 
3292.89 8736 5000 2.65601 
3292.89 8736 5000 2.65248 
3303.87 8732 5000 2.64897 
3303.87 8732 5000 2.64547 
3303.87 8732 5000 2.64197 
3303.87 8732 5000 2.63849 
3303.87 8732 5000 2.63501 
3303.87 8732 5000 2.63154 
3303.87 8732 5000 2.62809 
3303.87 8732 5000 2.62464 
3303.87 8732 5000 2.6212 
3303.87 8732 5000 2.61777 
3303.87 8732 5000 2.61434 
3303.87 8732 5000 2.61093 
3303.87 8732 5000 2.60753 
3303.87 8732 5000 2.60413 
3303.87 8732 5000 2.60075 
3303.87 8732 5000 2.59737 
3303.87 8732 5000 2.594 
3297.71 8744 5000 2.59064 
3297.71 8744 5000 2.58729 
3297.71 8744 5000 2.58395 
3297.71 8744 5000 2.58061 
3297.71 8744 5000 2.57729 
3297.71 8744 5000 2.57397 
3297.71 8744 5000 2.57066 
3297.71 8744 5000 2.56736 
3297.71 8744 5000 2.56407 
3297.71 8744 5000 2.56079 
3297.71 8744 5000 2.55751 
3300.45 8744 5000 2.55425 
3300.45 8744 5000 2.55099 
4285.93 8712 5000 2.54774 
4284.43 8724 5000 2.5445 
4305.33 8704 5000 2.54126 
4304.49 8716 5000 2.53804 
4304.49 8716 5000 2.53482 
4304.49 8716 5000 2.53161 
4308.72 8720 5000 2.52841 
4308.72 8720 5000 2.52522 
4308.72 8720 5000 2.52204 
4308.93 8724 5000 2.51886 
4308.93 8724 5000 2.51569 
4308.93 8724 5000 2.51253 
4308.93 8724 5000 2.50938 
4308.93 8724 5000 2.50623 
4308.93 8724 5000 2.5031 
4308.93 8724 5000 2.49997 
4308.93 8724 5000 2.49685 
4308.41 8736 5000 2.49373 
4308.41 8736 5000 2.49063 
4308.41 8736 5000 2.48753 
4308.41 8736 5000 2.48444 
4308.41 8736 5000 2.48136 
4308.41 8736 5000 2.47828 
4308.41 8736 5000 2.47522 
4308.41 8736 5000 2.47216 
4308.41 8736 5000 2.46911 
4308.41 8736 5000 2.46606 
4308.41 8736 5000 2.46302 
4308.41 8736 5000 2.45999 
4308.41 8736 5000 2.45697 
4308.41 8736 5000 2.45396 
4308.41 8736 5000 2.45095 
4308.41 8736 5000 2.44795 
4308.41 8736 5000 2.44496 
4308.41 8736 5000 2.44197 
4308.41 8736 5000 2.43899 
4308.41 8736 5000 2.43602 
4308.41 8736 5000 2.43306 
4308.41 8736 5000 2.4301 
4308.41 8736 5000 2.42716 
4308.41 8736 5000 2.42421 
4308.41 8736 5000 2.42128 
4308.41 8736 5000 2.41835 
4308.41 8736 5000 2.41543 
4308.41 8736 5000 2.41252 
4308.41 8736 5000 2.40961 
4308.41 8736 5000 2.40671 
4308.41 8736 5000 2.40382 
4308.41 8736 5000 2.40093 
4308.41 8736 5000 2.39805 
4308.41 8736 5000 2.39518 
4308.41 8736 5000 2.39232 
4308.41 8736 5000 2.38946 
4308.41 8736 5000 2.38661 
4308.41 8736 5000 2.38376 
4308.41 8736 5000 2.38092 
4308.41 8736 5000 2.37809 
4308.41 8736 5000 2.37527 
4308.41 8736 5000 2.37245 
4308.41 8736 5000 2.36964 
4308.41 8736 5000 2.36684 
4308.41 8736 5000 2.36404 
4308.41 8736 5000 2.36125 
4308.41 8736 5000 2.35846 
4308.41 8736 5000 2.35568 
4308.41 8736 5000 2.35291 
4308.41 8736 5000 2.35015 
4308.41 8736 5000 2.34739 
4306.97 8740 5000 2.34464 
4306.37 8744 5000 2.34189 
4305.87 8748 5000 2.33915 
4305.87 8748 5000 2.33642 
4305.87 8748 5000 2.3337 
4305.87 8748 5000 2.33098 
4305.87 8748 5000 2.32826 
4305.87 8748 5000 2.32555 
4305.87 8748 5000 2.32285 
4305.87 8748 5000 2.32016 
4305.87 8748 5000 2.31747 
4305.87 8748 5000 2.31479 
4305.87 8748 5000 2.31211 
4305.87 8748 5000 2.30944 
4305.87 8748 5000 2.30678 
4305.87 8748 5000 2.30412 
4305.87 8748 5000 2.30147 
4305.87 8748 5000 2.29882 
4307.31 8748 5000 2.29618 
4307.31 8748 5000 2.29355 
4307.31 8748 5000 2.29092 
4307.31 8748 5000 2.2883 
4307.31 8748 5000 2.28569 
4307.31 8748 5000 2.28308 
4307.31 8748 5000 2.28048 
4307.31 8748 5000 2.27788 
4307.31 8748 5000 2.27529 
4307.31 8748 5000 2.2727 
4307.31 8748 5000 2.27012 
4307.31 8748 5000 2.26755 
4307.31 8748 5000 2.26498 
4307.31 8748 5000 2.26242 
4307.31 8748 5000 2.25986 
4307.31 8748 5000 2.25731 
4307.31 8748 5000 2.25477 
4307.31 8748 5000 2.25223 
4307.31 8748 5000 2.24969 
4307.31 8748 5000 2.24717 
4307.31 8748 5000 2.24464 
4307.31 8748 5000 2.24213 
4307.31 8748 5000 2.23962 
4307.31 8748 5000 2.23711 
4307.31 8748 5000 2.23461 
4307.31 8748 5000 2.23212 
4307.31 8748 5000 2.22963 
4307.31 8748 5000 2.22715 
4307.31 8748 5000 2.22467 
4307.31 8748 5000 2.2222 
4307.31 8748 5000 2.21973 
4307.31 8748 5000 2.21727 
4307.31 8748 5000 2.21481 
4307.31 8748 5000 2.21236 
4307.31 8748 5000 2.20992 
4307.31 8748 5000 2.20748 
4307.31 8748 5000 2.20505 
4307.31 8748 5000 2.20262 
4307.31 8748 5000 2.2002 
4307.31 8748 5000 2.19778 
4307.31 8748 5000 2.19537 
4307.31 8748 5000 2.19296 
4307.31 8748 5000 2.19056 
4307.31 8748 5000 2.18816 
4307.31 8748 5000 2.18577 
4307.31 8748 5000 2.18338 
4307.31 8748 5000 2.181 
4307.31 8748 5000 2.17863 
4307.31 8748 5000 2.17625 
4307.31 8748 5000 2.17389 
4307.31 8748 5000 2.17153 
4307.31 8748 5000 2.16917 
4307.31 8748 5000 2.16682 
4307.31 8748 5000 2.16448 
4307.31 8748 5000 2.16214 
4307.31 8748 5000 2.1598 
4307.31 8748 5000 2.15747 
4307.31 8748 5000 2.15515 
4307.31 8748 5000 2.15283 
4306.39 8752 5000 2.15051 
4306.39 8752 5000 2.1482 
4306.39 8752 5000 2.1459 
4306.39 8752 5000 2.1436 
4306.39 8752 5000 2.1413 
4306.39 8752 5000 2.13901 
4306.39 8752 5000 2.13673 
4306.39 8752 5000 2.13445 
4306.39 8752 5000 2.13217 
4306.39 8752 5000 2.1299 
4306.39 8752 5000 2.12764 
4306.39 8752 5000 2.12538 
4306.39 8752 5000 2.12312 
4306.39 8752 5000 2.12087 
4306.39 8752 5000 2.11862 
4306.39 8752 5000 2.11638 
4306.39 8752 5000 2.11414 
4306.39 8752 5000 2.11191 
4306.39 8752 5000 2.10968 
4306.39 8752 5000 2.10746 
4306.39 8752 5000 2.10524 
4306.39 8752 5000 2.10303 
4306.39 8752 5000 2.10082 
4306.39 8752 5000 2.09861 
4306.39 8752 5000 2.09641 
4306.39 8752 5000 2.09422 
4306.39 8752 5000 2.09203 
4306.39 8752 5000 2.08984 
4306.39 8752 5000 2.08766 
4306.39 8752 5000 2.08548 
4306.39 8752 5000 2.08331 
4306.39 8752 5000 2.08114 
4306.39 8752 5000 2.07898 
4306.39 8752 5000 2.07682 
4306.39 8752 5000 2.07467 
4306.39 8752 5000 2.07252 
4306.39 8752 5000 2.07037 
4306.39 8752 5000 2.06823 
4306.39 8752 5000 2.06609 
4307.57 8752 5000 2.06396 
4307.57 8752 5000 2.06183 
4307.57 8752 5000 2.05971 
4307.57 8752 5000 2.05759 
4307.57 8752 5000 2.05548 
4307.57 8752 5000 2.05337 
4307.57 8752 5000 2.05126 
4307.57 8752 5000 2.04916 
4307.57 8752 5000 2.04706 
4307.57 8752 5000 2.04497 
4307.57 8752 5000 2.04288 
4307.57 8752 5000 2.0408 
4307.57 8752 5000 2.03872 
4307.57 8752 5000 2.03664 
4307.57 8752 5000 2.03457 
4307.57 8752 5000 2.0325 
4307.57 8752 5000 2.03044 
4307.57 8752 5000 2.02838 
4307.57 8752 5000 2.02632 
4307.57 8752 5000 2.02427 
4307.57 8752 5000 2.02222 
4307.57 8752 5000 2.02018 
4307.57 8752 5000 2.01814 
4307.57 8752 5000 2.01611 
4307.57 8752 5000 2.01408 
4307.57 8752 5000 2.01205 
4307.57 8752 5000 2.01003 
4307.57 8752 5000 2.00801 
4307.57 8752 5000 2.006 
4307.57 8752 5000 2.00399 
4307.57 8752 5000 2.00198 
