-273.17 8332 5000 1980.2 
-273.17 8332 5000 995.025 
-273.17 8332 5000 664.452 
-147.52 8380 5000 498.753 
-147.52 8380 5000 399.202 
-157.13 8448 5000 332.779 
-157.13 8448 5000 285.307 
-157.13 8448 5000 249.688 
-64.54 8440 5000 221.976 
-64.54 8440 5000 199.8 
-64.54 8440 5000 181.653 
-64.54 8440 5000 166.528 
-64.54 8440 5000 153.728 
-40.8 8496 5000 142.755 
-40.8 8496 5000 133.245 
-40.8 8496 5000 124.922 
-40.8 8496 5000 117.578 
-40.8 8496 5000 111.049 
-40.8 8496 5000 105.208 
-40.8 8496 5000 99.95 
-40.8 8496 5000 95.1928 
-40.8 8496 5000 90.8678 
-40.8 8496 5000 86.9187 
-40.8 8496 5000 83.2986 
-40.8 8496 5000 79.968 
-40.8 8496 5000 76.8935 
-40.8 8496 5000 74.0466 
-40.8 8496 5000 71.4031 
-40.8 8496 5000 68.9417 
-40.8 8496 5000 66.6445 
-40.8 8496 5000 64.4953 
-40.8 8496 5000 62.4805 
-11.03 8484 5000 60.5877 
-13.17 8540 5000 58.8062 
-13.17 8540 5000 57.1265 
-13.17 8540 5000 55.5401 
-13.17 8540 5000 54.0394 
-13.17 8540 5000 52.6177 
-13.17 8540 5000 51.2689 
-13.17 8540 5000 49.9875 
-13.17 8540 5000 48.7686 
-13.17 8540 5000 47.6077 
-13.17 8540 5000 46.5008 
-13.17 8540 5000 45.4442 
-13.17 8540 5000 44.4346 
-13.17 8540 5000 43.4688 
-13.17 8540 5000 42.5441 
-13.17 8540 5000 41.658 
-13.17 8540 5000 40.808 
-13.17 8540 5000 39.992 
-13.17 8540 5000 39.208 
-13.17 8540 5000 38.4541 
-13.17 8540 5000 37.7287 
-13.17 8540 5000 37.0302 
-22.25 8556 5000 36.357 
-22.25 8556 5000 35.7079 
-22.25 8556 5000 35.0816 
-11.39 8548 5000 34.4768 
-11.39 8548 5000 33.8926 
18.99 8580 5000 33.3278 
18.99 8580 5000 32.7815 
18.99 8580 5000 32.2529 
18.99 8580 5000 31.741 
18.99 8580 5000 31.2451 
21.49 8584 5000 30.7645 
21.49 8584 5000 30.2984 
21.49 8584 5000 29.8463 
21.49 8584 5000 29.4074 
21.49 8584 5000 28.9813 
21.49 8584 5000 28.5673 
21.49 8584 5000 28.165 
21.49 8584 5000 27.7739 
21.49 8584 5000 27.3935 
21.49 8584 5000 27.0234 
21.49 8584 5000 26.6631 
21.49 8584 5000 26.3123 
21.49 8584 5000 25.9707 
21.49 8584 5000 25.6377 
21.49 8584 5000 25.3133 
21.49 8584 5000 24.9969 
21.49 8584 5000 24.6883 
21.49 8584 5000 24.3873 
21.49 8584 5000 24.0935 
21.49 8584 5000 23.8067 
21.49 8584 5000 23.5266 
21.49 8584 5000 23.2531 
21.49 8584 5000 22.9859 
21.49 8584 5000 22.7247 
-0.63 8620 5000 22.4694 
-0.63 8620 5000 22.2198 
-0.63 8620 5000 21.9756 
-0.63 8620 5000 21.7368 
50.02 8588 5000 21.5031 
50.02 8588 5000 21.2743 
50.02 8588 5000 21.0504 
50.02 8588 5000 20.8312 
50.02 8588 5000 20.6164 
50.02 8588 5000 20.4061 
50.02 8588 5000 20.2 
50.02 8588 5000 19.998 
50.02 8588 5000 19.8 
50.02 8588 5000 19.6059 
50.02 8588 5000 19.4156 
50.02 8588 5000 19.2289 
50.02 8588 5000 19.0458 
50.02 8588 5000 18.8661 
50.02 8588 5000 18.6898 
40 8632 5000 18.5168 
40 8632 5000 18.3469 
40 8632 5000 18.1802 
40 8632 5000 18.0164 
40 8632 5000 17.8555 
40 8632 5000 17.6975 
40 8632 5000 17.5423 
40 8632 5000 17.3898 
40 8632 5000 17.2399 
40 8632 5000 17.0926 
40 8632 5000 16.9477 
40 8632 5000 16.8053 
40 8632 5000 16.6653 
40 8632 5000 16.5276 
40 8632 5000 16.3921 
52.08 8628 5000 16.2588 
52.08 8628 5000 16.1277 
52.08 8628 5000 15.9987 
52.08 8628 5000 15.8718 
52.08 8628 5000 15.7468 
52.08 8628 5000 15.6238 
52.08 8628 5000 15.5027 
52.08 8628 5000 15.3834 
52.08 8628 5000 15.266 
52.08 8628 5000 15.1504 
52.08 8628 5000 15.0365 
52.08 8628 5000 14.9243 
52.08 8628 5000 14.8137 
52.08 8628 5000 14.7048 
52.08 8628 5000 14.5975 
52.08 8628 5000 14.4917 
52.08 8628 5000 14.3875 
52.08 8628 5000 14.2847 
52.08 8628 5000 14.1834 
52.08 8628 5000 14.0835 
52.08 8628 5000 13.985 
52.08 8628 5000 13.8879 
52.08 8628 5000 13.7922 
52.08 8628 5000 13.6977 
52.08 8628 5000 13.6045 
52.08 8628 5000 13.5126 
52.08 8628 5000 13.4219 
52.08 8628 5000 13.3324 
52.08 8628 5000 13.2442 
52.08 8628 5000 13.157 
52.08 8628 5000 13.071 
52.08 8628 5000 12.9862 
52.08 8628 5000 12.9024 
52.08 8628 5000 12.8197 
52.08 8628 5000 12.738 
52.08 8628 5000 12.6574 
52.08 8628 5000 12.5778 
52.08 8628 5000 12.4992 
52.08 8628 5000 12.4216 
52.08 8628 5000 12.3449 
52.08 8628 5000 12.2692 
52.08 8628 5000 12.1944 
52.08 8628 5000 12.1205 
80.74 8644 5000 12.0475 
80.74 8644 5000 11.9753 
80.74 8644 5000 11.9041 
111.24 8628 5000 11.8336 
111.24 8628 5000 11.764 
111.24 8628 5000 11.6952 
111.24 8628 5000 11.6272 
111.24 8628 5000 11.56 
111.24 8628 5000 11.4936 
111.24 8628 5000 11.4279 
111.24 8628 5000 11.363 
111.24 8628 5000 11.2988 
111.24 8628 5000 11.2353 
111.24 8628 5000 11.1726 
111.24 8628 5000 11.1105 
111.24 8628 5000 11.0491 
111.24 8628 5000 10.9884 
97.71 8660 5000 10.9284 
97.71 8660 5000 10.869 
97.71 8660 5000 10.8102 
97.71 8660 5000 10.7521 
97.71 8660 5000 10.6946 
97.71 8660 5000 10.6377 
97.71 8660 5000 10.5815 
97.71 8660 5000 10.5258 
97.71 8660 5000 10.4707 
97.71 8660 5000 10.4161 
97.71 8660 5000 10.3622 
97.71 8660 5000 10.3087 
97.71 8660 5000 10.2559 
97.71 8660 5000 10.2036 
97.71 8660 5000 10.1518 
97.71 8660 5000 10.1005 
97.71 8660 5000 10.0497 
97.71 8660 5000 9.9995 
97.71 8660 5000 9.94975 
97.71 8660 5000 9.9005 
121.95 8672 5000 9.85173 
121.95 8672 5000 9.80344 
121.95 8672 5000 9.75562 
121.95 8672 5000 9.70827 
121.95 8672 5000 9.66137 
121.95 8672 5000 9.61492 
132.14 8668 5000 9.56892 
132.14 8668 5000 9.52336 
132.14 8668 5000 9.47822 
132.14 8668 5000 9.43352 
132.14 8668 5000 9.38923 
132.14 8668 5000 9.34536 
132.14 8668 5000 9.30189 
132.14 8668 5000 9.25883 
132.14 8668 5000 9.21617 
132.14 8668 5000 9.17389 
132.14 8668 5000 9.132 
132.14 8668 5000 9.0905 
132.14 8668 5000 9.04936 
132.14 8668 5000 9.0086 
132.14 8668 5000 8.96821 
132.14 8668 5000 8.92817 
132.14 8668 5000 8.88849 
132.14 8668 5000 8.84917 
132.14 8668 5000 8.81018 
132.14 8668 5000 8.77155 
132.14 8668 5000 8.73324 
132.14 8668 5000 8.69527 
132.14 8668 5000 8.65763 
132.14 8668 5000 8.62032 
132.14 8668 5000 8.58332 
132.14 8668 5000 8.54664 
132.14 8668 5000 8.51028 
132.14 8668 5000 8.47422 
132.14 8668 5000 8.43846 
132.14 8668 5000 8.40301 
132.14 8668 5000 8.36785 
132.14 8668 5000 8.33299 
132.14 8668 5000 8.29841 
132.14 8668 5000 8.26412 
132.14 8668 5000 8.23011 
132.14 8668 5000 8.19639 
132.14 8668 5000 8.16293 
132.14 8668 5000 8.12975 
132.14 8668 5000 8.09684 
132.14 8668 5000 8.06419 
132.14 8668 5000 8.03181 
132.14 8668 5000 7.99968 
132.14 8668 5000 7.96781 
132.14 8668 5000 7.93619 
132.14 8668 5000 7.90483 
132.14 8668 5000 7.87371 
136.69 8672 5000 7.84283 
136.69 8672 5000 7.81219 
136.69 8672 5000 7.7818 
136.69 8672 5000 7.75164 
136.69 8672 5000 7.72171 
136.69 8672 5000 7.69201 
136.69 8672 5000 7.66254 
136.69 8672 5000 7.6333 
136.69 8672 5000 7.60427 
136.69 8672 5000 7.57547 
136.69 8672 5000 7.54689 
136.69 8672 5000 7.51851 
145.95 8664 5000 7.49036 
145.95 8664 5000 7.46241 
145.95 8664 5000 7.43467 
145.95 8664 5000 7.40713 
145.95 8664 5000 7.3798 
145.95 8664 5000 7.35267 
145.95 8664 5000 7.32574 
145.95 8664 5000 7.299 
145.95 8664 5000 7.27246 
145.95 8664 5000 7.24611 
145.95 8664 5000 7.21996 
145.95 8664 5000 7.19399 
145.95 8664 5000 7.1682 
145.95 8664 5000 7.1426 
145.95 8664 5000 7.11718 
142.96 8672 5000 7.09195 
142.96 8672 5000 7.06689 
142.96 8672 5000 7.04201 
142.96 8672 5000 7.0173 
142.96 8672 5000 6.99276 
142.96 8672 5000 6.9684 
127.95 8692 5000 6.9442 
127.95 8692 5000 6.92018 
127.95 8692 5000 6.89631 
127.95 8692 5000 6.87262 
127.95 8692 5000 6.84908 
127.95 8692 5000 6.82571 
127.95 8692 5000 6.80249 
127.95 8692 5000 6.77943 
127.95 8692 5000 6.75653 
127.95 8692 5000 6.73378 
127.95 8692 5000 6.71118 
127.95 8692 5000 6.68874 
148.12 8688 5000 6.66644 
148.12 8688 5000 6.6443 
148.12 8688 5000 6.6223 
148.12 8688 5000 6.60044 
148.12 8688 5000 6.57873 
148.12 8688 5000 6.55716 
148.12 8688 5000 6.53573 
148.12 8688 5000 6.51445 
148.12 8688 5000 6.4933 
152.98 8684 5000 6.47228 
152.98 8684 5000 6.4514 
152.98 8684 5000 6.43066 
152.98 8684 5000 6.41005 
152.98 8684 5000 6.38957 
152.98 8684 5000 6.36922 
152.98 8684 5000 6.349 
152.98 8684 5000 6.32891 
152.98 8684 5000 6.30895 
152.98 8684 5000 6.28911 
152.98 8684 5000 6.2694 
152.98 8684 5000 6.2498 
152.98 8684 5000 6.23034 
152.98 8684 5000 6.21099 
152.98 8684 5000 6.19176 
152.98 8684 5000 6.17265 
152.98 8684 5000 6.15366 
152.98 8684 5000 6.13478 
152.98 8684 5000 6.11602 
152.98 8684 5000 6.09738 
152.98 8684 5000 6.07884 
171.33 8684 5000 6.06042 
171.33 8684 5000 6.04211 
171.33 8684 5000 6.02391 
171.33 8684 5000 6.00583 
171.33 8684 5000 5.98784 
167.19 8692 5000 5.96997 
167.19 8692 5000 5.9522 
167.19 8692 5000 5.93454 
167.19 8692 5000 5.91698 
167.19 8692 5000 5.89953 
167.19 8692 5000 5.88218 
167.19 8692 5000 5.86493 
167.19 8692 5000 5.84778 
167.19 8692 5000 5.83073 
167.19 8692 5000 5.81378 
167.19 8692 5000 5.79693 
167.19 8692 5000 5.78018 
167.19 8692 5000 5.76352 
167.19 8692 5000 5.74696 
167.19 8692 5000 5.73049 
167.19 8692 5000 5.71412 
167.19 8692 5000 5.69784 
167.19 8692 5000 5.68166 
167.19 8692 5000 5.66556 
167.19 8692 5000 5.64956 
167.19 8692 5000 5.63364 
167.19 8692 5000 5.61782 
167.19 8692 5000 5.60208 
167.19 8692 5000 5.58644 
167.19 8692 5000 5.57088 
167.19 8692 5000 5.5554 
167.19 8692 5000 5.54001 
167.19 8692 5000 5.52471 
167.19 8692 5000 5.50949 
167.19 8692 5000 5.49435 
167.19 8692 5000 5.4793 
167.19 8692 5000 5.46433 
167.19 8692 5000 5.44944 
167.19 8692 5000 5.43463 
167.19 8692 5000 5.41991 
167.19 8692 5000 5.40526 
167.19 8692 5000 5.39069 
167.19 8692 5000 5.3762 
167.19 8692 5000 5.36179 
167.19 8692 5000 5.34745 
167.19 8692 5000 5.33319 
167.19 8692 5000 5.31901 
167.19 8692 5000 5.3049 
167.19 8692 5000 5.29087 
167.19 8692 5000 5.27691 
167.19 8692 5000 5.26302 
167.19 8692 5000 5.24921 
167.19 8692 5000 5.23547 
167.19 8692 5000 5.2218 
167.19 8692 5000 5.2082 
167.19 8692 5000 5.19467 
167.19 8692 5000 5.18121 
167.19 8692 5000 5.16783 
167.19 8692 5000 5.15451 
159.1 8708 5000 5.14126 
159.1 8708 5000 5.12807 
159.1 8708 5000 5.11496 
159.1 8708 5000 5.10191 
159.1 8708 5000 5.08893 
159.1 8708 5000 5.07601 
159.1 8708 5000 5.06316 
159.1 8708 5000 5.05038 
159.1 8708 5000 5.03766 
159.1 8708 5000 5.025 
159.1 8708 5000 5.01241 
161.96 8708 5000 4.99988 
161.96 8708 5000 4.98741 
161.96 8708 5000 4.975 
161.96 8708 5000 4.96266 
161.96 8708 5000 4.95037 
161.96 8708 5000 4.93815 
161.96 8708 5000 4.92599 
161.96 8708 5000 4.91388 
161.96 8708 5000 4.90184 
161.96 8708 5000 4.88986 
161.96 8708 5000 4.87793 
161.96 8708 5000 4.86606 
161.96 8708 5000 4.85425 
161.96 8708 5000 4.8425 
161.96 8708 5000 4.8308 
161.96 8708 5000 4.81916 
161.96 8708 5000 4.80758 
161.96 8708 5000 4.79605 
161.96 8708 5000 4.78457 
161.96 8708 5000 4.77316 
161.96 8708 5000 4.76179 
161.96 8708 5000 4.75048 
161.96 8708 5000 4.73922 
161.96 8708 5000 4.72802 
163.29 8712 5000 4.71687 
170.27 8708 5000 4.70577 
170.27 8708 5000 4.69473 
170.27 8708 5000 4.68373 
170.27 8708 5000 4.67279 
170.27 8708 5000 4.6619 
170.27 8708 5000 4.65105 
188.16 8696 5000 4.64026 
181.6 8708 5000 4.62952 
181.6 8708 5000 4.61883 
181.6 8708 5000 4.60819 
181.6 8708 5000 4.5976 
181.6 8708 5000 4.58705 
181.6 8708 5000 4.57655 
181.6 8708 5000 4.56611 
181.6 8708 5000 4.5557 
181.6 8708 5000 4.54535 
181.6 8708 5000 4.53504 
181.6 8708 5000 4.52478 
181.6 8708 5000 4.51457 
181.6 8708 5000 4.5044 
181.6 8708 5000 4.49428 
181.6 8708 5000 4.4842 
181.6 8708 5000 4.47417 
219.3 8724 5000 4.46419 
229.3 8720 5000 4.45424 
229.3 8720 5000 4.44435 
229.3 8720 5000 4.43449 
229.3 8720 5000 4.42468 
229.3 8720 5000 4.41491 
229.3 8720 5000 4.40519 
229.3 8720 5000 4.39551 
229.3 8720 5000 4.38587 
229.3 8720 5000 4.37627 
229.3 8720 5000 4.36672 
229.3 8720 5000 4.3572 
229.3 8720 5000 4.34773 
229.3 8720 5000 4.3383 
229.3 8720 5000 4.32891 
229.3 8720 5000 4.31956 
229.3 8720 5000 4.31025 
229.3 8720 5000 4.30098 
229.3 8720 5000 4.29175 
229.3 8720 5000 4.28256 
229.3 8720 5000 4.27341 
229.3 8720 5000 4.2643 
229.3 8720 5000 4.25523 
229.3 8720 5000 4.24619 
229.3 8720 5000 4.2372 
229.3 8720 5000 4.22824 
229.3 8720 5000 4.21932 
229.3 8720 5000 4.21044 
229.3 8720 5000 4.20159 
229.3 8720 5000 4.19278 
229.3 8720 5000 4.18401 
229.3 8720 5000 4.17528 
229.3 8720 5000 4.16658 
229.3 8720 5000 4.15792 
229.3 8720 5000 4.14929 
229.3 8720 5000 4.1407 
229.3 8720 5000 4.13215 
229.3 8720 5000 4.12363 
229.3 8720 5000 4.11514 
229.3 8720 5000 4.10669 
229.3 8720 5000 4.09828 
229.3 8720 5000 4.0899 
229.3 8720 5000 4.08155 
229.3 8720 5000 4.07324 
229.3 8720 5000 4.06496 
229.3 8720 5000 4.05671 
229.3 8720 5000 4.0485 
229.3 8720 5000 4.04032 
229.3 8720 5000 4.03218 
229.3 8720 5000 4.02406 
229.3 8720 5000 4.01598 
229.3 8720 5000 4.00794 
229.3 8720 5000 3.99992 
229.3 8720 5000 3.99194 
229.3 8720 5000 3.98398 
229.3 8720 5000 3.97606 
229.3 8720 5000 3.96818 
229.3 8720 5000 3.96032 
229.3 8720 5000 3.95249 
229.3 8720 5000 3.9447 
229.3 8720 5000 3.93693 
229.3 8720 5000 3.9292 
229.3 8720 5000 3.92149 
229.3 8720 5000 3.91382 
229.3 8720 5000 3.90617 
229.3 8720 5000 3.89856 
229.3 8720 5000 3.89097 
229.3 8720 5000 3.88342 
229.3 8720 5000 3.87589 
229.3 8720 5000 3.8684 
229.3 8720 5000 3.86093 
229.3 8720 5000 3.85349 
229.3 8720 5000 3.84608 
229.3 8720 5000 3.8387 
229.3 8720 5000 3.83134 
229.3 8720 5000 3.82402 
229.3 8720 5000 3.81672 
229.3 8720 5000 3.80945 
229.3 8720 5000 3.80221 
229.3 8720 5000 3.79499 
229.3 8720 5000 3.78781 
229.3 8720 5000 3.78065 
229.3 8720 5000 3.77351 
229.3 8720 5000 3.76641 
229.3 8720 5000 3.75933 
229.3 8720 5000 3.75227 
229.3 8720 5000 3.74525 
229.3 8720 5000 3.73825 
229.3 8720 5000 3.73127 
229.3 8720 5000 3.72433 
229.3 8720 5000 3.7174 
229.3 8720 5000 3.71051 
229.3 8720 5000 3.70364 
229.3 8720 5000 3.69679 
229.3 8720 5000 3.68997 
229.3 8720 5000 3.68317 
229.3 8720 5000 3.6764 
229.3 8720 5000 3.66966 
229.3 8720 5000 3.66294 
229.3 8720 5000 3.65624 
229.3 8720 5000 3.64957 
229.3 8720 5000 3.64292 
229.3 8720 5000 3.6363 
229.3 8720 5000 3.6297 
229.3 8720 5000 3.62312 
229.3 8720 5000 3.61657 
229.3 8720 5000 3.61004 
229.3 8720 5000 3.60354 
229.3 8720 5000 3.59706 
229.3 8720 5000 3.5906 
1207.27 8680 5000 3.58417 
1229.77 8696 5000 3.57775 
1229.77 8696 5000 3.57136 
1229.77 8696 5000 3.565 
1226.99 8704 5000 3.55866 
1245.29 8720 5000 3.55233 
1245.79 8724 5000 3.54604 
1245.79 8724 5000 3.53976 
1245.79 8724 5000 3.53351 
1245.79 8724 5000 3.52727 
1245.79 8724 5000 3.52106 
1245.79 8724 5000 3.51488 
1245.79 8724 5000 3.50871 
1245.79 8724 5000 3.50257 
1245.79 8724 5000 3.49644 
1245.79 8724 5000 3.49034 
1245.79 8724 5000 3.48426 
1245.79 8724 5000 3.4782 
1245.79 8724 5000 3.47216 
1245.79 8724 5000 3.46614 
1245.79 8724 5000 3.46015 
1245.79 8724 5000 3.45417 
1245.79 8724 5000 3.44822 
1245.79 8724 5000 3.44228 
1245.79 8724 5000 3.43637 
1245.79 8724 5000 3.43047 
1245.79 8724 5000 3.4246 
1245.79 8724 5000 3.41874 
1245.79 8724 5000 3.41291 
1245.79 8724 5000 3.4071 
1245.79 8724 5000 3.4013 
1245.79 8724 5000 3.39553 
1245.79 8724 5000 3.38977 
1245.79 8724 5000 3.38404 
1245.79 8724 5000 3.37832 
1245.79 8724 5000 3.37262 
1245.79 8724 5000 3.36695 
1245.79 8724 5000 3.36129 
1245.79 8724 5000 3.35565 
2257.57 8700 5000 3.35003 
2257.57 8700 5000 3.34443 
2257.57 8700 5000 3.33884 
2256.51 8712 5000 3.33328 
2256.51 8712 5000 3.32773 
2256.51 8712 5000 3.3222 
2256.51 8712 5000 3.31669 
2256.51 8712 5000 3.3112 
2256.51 8712 5000 3.30573 
2256.51 8712 5000 3.30028 
2256.51 8712 5000 3.29484 
2256.51 8712 5000 3.28942 
2256.51 8712 5000 3.28402 
2259.76 8720 5000 3.27863 
2260.06 8732 5000 3.27327 
2276.36 8716 5000 3.26792 
2276.36 8716 5000 3.26259 
2276.36 8716 5000 3.25728 
2276.36 8716 5000 3.25198 
2276.36 8716 5000 3.2467 
2272.88 8724 5000 3.24144 
2272.18 8728 5000 3.23619 
2272.18 8728 5000 3.23097 
2272.18 8728 5000 3.22575 
2272.18 8728 5000 3.22056 
2272.18 8728 5000 3.21538 
2272.18 8728 5000 3.21022 
2272.18 8728 5000 3.20508 
2272.18 8728 5000 3.19995 
2272.18 8728 5000 3.19484 
2272.18 8728 5000 3.18974 
2272.18 8728 5000 3.18466 
2272.18 8728 5000 3.1796 
2272.18 8728 5000 3.17455 
2272.18 8728 5000 3.16952 
2272.18 8728 5000 3.16451 
2272.18 8728 5000 3.15951 
2272.18 8728 5000 3.15452 
2272.18 8728 5000 3.14956 
2272.18 8728 5000 3.1446 
2272.18 8728 5000 3.13967 
2272.18 8728 5000 3.13475 
2272.18 8728 5000 3.12984 
2272.18 8728 5000 3.12495 
2272.18 8728 5000 3.12008 
2272.18 8728 5000 3.11522 
2272.18 8728 5000 3.11037 
2272.18 8728 5000 3.10554 
2272.18 8728 5000 3.10073 
2272.18 8728 5000 3.09593 
2272.18 8728 5000 3.09114 
2272.18 8728 5000 3.08637 
2272.18 8728 5000 3.08162 
2272.18 8728 5000 3.07688 
2276.29 8724 5000 3.07215 
2280.79 8720 5000 3.06744 
2280.79 8720 5000 3.06274 
2280.79 8720 5000 3.05806 
2280.79 8720 5000 3.05339 
2280.79 8720 5000 3.04873 
2280.79 8720 5000 3.04409 
2280.79 8720 5000 3.03947 
2280.79 8720 5000 3.03486 
2280.79 8720 5000 3.03026 
2280.79 8720 5000 3.02567 
2280.79 8720 5000 3.0211 
2280.79 8720 5000 3.01655 
2280.79 8720 5000 3.012 
2273.59 8728 5000 3.00747 
2273.59 8728 5000 3.00296 
2273.59 8728 5000 2.99846 
2273.59 8728 5000 2.99397 
2273.59 8728 5000 2.98949 
2273.59 8728 5000 2.98503 
2273.59 8728 5000 2.98058 
2273.59 8728 5000 2.97615 
2273.59 8728 5000 2.97172 
2273.59 8728 5000 2.96732 
2273.59 8728 5000 2.96292 
2273.59 8728 5000 2.95854 
2273.59 8728 5000 2.95417 
2273.59 8728 5000 2.94981 
2273.59 8728 5000 2.94546 
2273.59 8728 5000 2.94113 
2273.59 8728 5000 2.93681 
2284.23 8720 5000 2.93251 
2284.23 8720 5000 2.92821 
2284.23 8720 5000 2.92393 
2284.23 8720 5000 2.91967 
2284.23 8720 5000 2.91541 
2284.23 8720 5000 2.91117 
2284.23 8720 5000 2.90693 
2284.23 8720 5000 2.90272 
2284.23 8720 5000 2.89851 
2284.23 8720 5000 2.89431 
2284.23 8720 5000 2.89013 
2284.23 8720 5000 2.88596 
2284.23 8720 5000 2.8818 
2284.23 8720 5000 2.87766 
2284.23 8720 5000 2.87352 
2284.23 8720 5000 2.8694 
2284.23 8720 5000 2.86529 
2284.23 8720 5000 2.86119 
2284.23 8720 5000 2.8571 
2284.23 8720 5000 2.85303 
2284.23 8720 5000 2.84896 
3267.78 8732 5000 2.84491 
3278.52 8728 5000 2.84087 
3307.24 8708 5000 2.83684 
3307.24 8708 5000 2.83282 
3307.24 8708 5000 2.82881 
3307.24 8708 5000 2.82482 
3307.24 8708 5000 2.82083 
3307.24 8708 5000 2.81686 
3307.24 8708 5000 2.8129 
3307.24 8708 5000 2.80895 
3307.24 8708 5000 2.80501 
3307.24 8708 5000 2.80108 
3307.24 8708 5000 2.79716 
3307.24 8708 5000 2.79326 
3307.24 8708 5000 2.78936 
3307.24 8708 5000 2.78548 
3307.24 8708 5000 2.7816 
3307.24 8708 5000 2.77774 
3307.24 8708 5000 2.77389 
3307.24 8708 5000 2.77004 
3307.24 8708 5000 2.76621 
3307.24 8708 5000 2.76239 
3307.24 8708 5000 2.75858 
3307.24 8708 5000 2.75478 
3291.96 8728 5000 2.75099 
3301.26 8732 5000 2.74722 
3301.26 8732 5000 2.74345 
3301.26 8732 5000 2.73969 
3301.26 8732 5000 2.73594 
3301.26 8732 5000 2.7322 
3301.26 8732 5000 2.72848 
3301.26 8732 5000 2.72476 
3301.26 8732 5000 2.72105 
3301.26 8732 5000 2.71735 
3301.26 8732 5000 2.71367 
3301.26 8732 5000 2.70999 
3301.26 8732 5000 2.70632 
3301.26 8732 5000 2.70267 
3301.26 8732 5000 2.69902 
3301.26 8732 5000 2.69538 
3301.26 8732 5000 2.69175 
3301.26 8732 5000 2.68814 
3301.26 8732 5000 2.68453 
3301.26 8732 5000 2.68093 
3301.26 8732 5000 2.67734 
3301.26 8732 5000 2.67376 
3301.26 8732 5000 2.67019 
3301.26 8732 5000 2.66663 
3301.26 8732 5000 2.66308 
3301.26 8732 5000 2.65954 
3301.26 8732 5000 2.65601 
3301.26 8732 5000 2.65248 
3301.26 8732 5000 2.64897 
3301.26 8732 5000 2.64547 
3301.26 8732 5000 2.64197 
3301.26 8732 5000 2.63849 
3301.26 8732 5000 2.63501 
3301.26 8732 5000 2.63154 
3301.26 8732 5000 2.62809 
3301.26 8732 5000 2.62464 
3301.26 8732 5000 2.6212 
3301.26 8732 5000 2.61777 
3301.26 8732 5000 2.61434 
3301.26 8732 5000 2.61093 
3301.26 8732 5000 2.60753 
3301.26 8732 5000 2.60413 
3302.74 8732 5000 2.60075 
3297.36 8740 5000 2.59737 
3297.36 8740 5000 2.594 
3297.36 8740 5000 2.59064 
3297.36 8740 5000 2.58729 
3297.36 8740 5000 2.58395 
3297.36 8740 5000 2.58061 
3297.36 8740 5000 2.57729 
3297.36 8740 5000 2.57397 
3297.36 8740 5000 2.57066 
3297.36 8740 5000 2.56736 
3297.36 8740 5000 2.56407 
3297.36 8740 5000 2.56079 
3297.36 8740 5000 2.55751 
3297.36 8740 5000 2.55425 
3297.36 8740 5000 2.55099 
3297.36 8740 5000 2.54774 
3297.36 8740 5000 2.5445 
3297.36 8740 5000 2.54126 
3297.36 8740 5000 2.53804 
3297.36 8740 5000 2.53482 
3297.36 8740 5000 2.53161 
3297.36 8740 5000 2.52841 
3297.36 8740 5000 2.52522 
3297.36 8740 5000 2.52204 
3297.36 8740 5000 2.51886 
3297.36 8740 5000 2.51569 
3297.36 8740 5000 2.51253 
3297.36 8740 5000 2.50938 
3297.36 8740 5000 2.50623 
3297.36 8740 5000 2.5031 
3297.36 8740 5000 2.49997 
3297.36 8740 5000 2.49685 
3297.36 8740 5000 2.49373 
3297.36 8740 5000 2.49063 
3297.36 8740 5000 2.48753 
3297.36 8740 5000 2.48444 
3297.36 8740 5000 2.48136 
3297.36 8740 5000 2.47828 
3297.36 8740 5000 2.47522 
3297.36 8740 5000 2.47216 
3297.36 8740 5000 2.46911 
3297.36 8740 5000 2.46606 
3297.36 8740 5000 2.46302 
3297.36 8740 5000 2.45999 
3297.36 8740 5000 2.45697 
3297.36 8740 5000 2.45396 
3297.36 8740 5000 2.45095 
3297.36 8740 5000 2.44795 
3297.36 8740 5000 2.44496 
3297.36 8740 5000 2.44197 
3297.36 8740 5000 2.43899 
3297.36 8740 5000 2.43602 
3297.36 8740 5000 2.43306 
3297.36 8740 5000 2.4301 
3297.36 8740 5000 2.42716 
3297.36 8740 5000 2.42421 
3297.36 8740 5000 2.42128 
3297.36 8740 5000 2.41835 
3297.36 8740 5000 2.41543 
3297.36 8740 5000 2.41252 
3297.36 8740 5000 2.40961 
3297.36 8740 5000 2.40671 
3297.36 8740 5000 2.40382 
3297.36 8740 5000 2.40093 
3297.36 8740 5000 2.39805 
3297.36 8740 5000 2.39518 
3297.36 8740 5000 2.39232 
3297.36 8740 5000 2.38946 
3297.36 8740 5000 2.38661 
3297.36 8740 5000 2.38376 
3297.36 8740 5000 2.38092 
3298.16 8748 5000 2.37809 
3301.26 8748 5000 2.37527 
3301.26 8748 5000 2.37245 
3301.26 8748 5000 2.36964 
3301.26 8748 5000 2.36684 
3301.26 8748 5000 2.36404 
3301.26 8748 5000 2.36125 
3301.26 8748 5000 2.35846 
3301.26 8748 5000 2.35568 
3301.26 8748 5000 2.35291 
3301.26 8748 5000 2.35015 
3301.26 8748 5000 2.34739 
3301.26 8748 5000 2.34464 
3301.26 8748 5000 2.34189 
3301.26 8748 5000 2.33915 
3301.26 8748 5000 2.33642 
3301.26 8748 5000 2.3337 
3301.26 8748 5000 2.33098 
3301.26 8748 5000 2.32826 
3301.26 8748 5000 2.32555 
3301.26 8748 5000 2.32285 
3301.26 8748 5000 2.32016 
3301.26 8748 5000 2.31747 
3301.26 8748 5000 2.31479 
3301.26 8748 5000 2.31211 
3301.26 8748 5000 2.30944 
3301.26 8748 5000 2.30678 
3301.26 8748 5000 2.30412 
3301.26 8748 5000 2.30147 
3301.26 8748 5000 2.29882 
3301.26 8748 5000 2.29618 
3301.26 8748 5000 2.29355 
4268.92 8728 5000 2.29092 
4268.92 8728 5000 2.2883 
4268.92 8728 5000 2.28569 
4268.92 8728 5000 2.28308 
4269.54 8728 5000 2.28048 
4267.74 8740 5000 2.27788 
4269.14 8740 5000 2.27529 
4269.14 8740 5000 2.2727 
4311.29 8728 5000 2.27012 
4311.47 8732 5000 2.26755 
4310.97 8748 5000 2.26498 
4310.97 8748 5000 2.26242 
4310.97 8748 5000 2.25986 
4310.77 8752 5000 2.25731 
4310.77 8752 5000 2.25477 
4310.97 8752 5000 2.25223 
4310.97 8752 5000 2.24969 
4310.97 8752 5000 2.24717 
4312.31 8752 5000 2.24464 
4312.31 8752 5000 2.24213 
4312.31 8752 5000 2.23962 
4312.31 8752 5000 2.23711 
4312.31 8752 5000 2.23461 
4312.31 8752 5000 2.23212 
4312.31 8752 5000 2.22963 
4312.31 8752 5000 2.22715 
4312.31 8752 5000 2.22467 
4312.31 8752 5000 2.2222 
4312.31 8752 5000 2.21973 
4312.31 8752 5000 2.21727 
4312.31 8752 5000 2.21481 
4312.31 8752 5000 2.21236 
4312.31 8752 5000 2.20992 
4312.31 8752 5000 2.20748 
4312.31 8752 5000 2.20505 
4312.31 8752 5000 2.20262 
4312.31 8752 5000 2.2002 
4312.31 8752 5000 2.19778 
4312.31 8752 5000 2.19537 
4312.31 8752 5000 2.19296 
4312.31 8752 5000 2.19056 
4312.31 8752 5000 2.18816 
4312.31 8752 5000 2.18577 
4312.31 8752 5000 2.18338 
4312.31 8752 5000 2.181 
4312.31 8752 5000 2.17863 
4312.31 8752 5000 2.17625 
4312.31 8752 5000 2.17389 
4312.31 8752 5000 2.17153 
4312.31 8752 5000 2.16917 
4312.31 8752 5000 2.16682 
4312.31 8752 5000 2.16448 
4312.31 8752 5000 2.16214 
4312.31 8752 5000 2.1598 
4312.31 8752 5000 2.15747 
4312.31 8752 5000 2.15515 
4312.31 8752 5000 2.15283 
4312.31 8752 5000 2.15051 
4312.31 8752 5000 2.1482 
4312.31 8752 5000 2.1459 
4312.31 8752 5000 2.1436 
4312.31 8752 5000 2.1413 
4312.31 8752 5000 2.13901 
4312.31 8752 5000 2.13673 
4312.31 8752 5000 2.13445 
4312.31 8752 5000 2.13217 
4312.31 8752 5000 2.1299 
4312.31 8752 5000 2.12764 
4312.31 8752 5000 2.12538 
4312.31 8752 5000 2.12312 
4312.31 8752 5000 2.12087 
4312.31 8752 5000 2.11862 
4312.31 8752 5000 2.11638 
4312.31 8752 5000 2.11414 
4312.31 8752 5000 2.11191 
4312.31 8752 5000 2.10968 
4312.31 8752 5000 2.10746 
4312.31 8752 5000 2.10524 
4312.31 8752 5000 2.10303 
4312.31 8752 5000 2.10082 
4312.31 8752 5000 2.09861 
4312.31 8752 5000 2.09641 
4312.31 8752 5000 2.09422 
4312.31 8752 5000 2.09203 
4312.31 8752 5000 2.08984 
4312.31 8752 5000 2.08766 
4312.31 8752 5000 2.08548 
4312.31 8752 5000 2.08331 
4312.31 8752 5000 2.08114 
4312.31 8752 5000 2.07898 
4312.31 8752 5000 2.07682 
4312.31 8752 5000 2.07467 
4312.31 8752 5000 2.07252 
4312.31 8752 5000 2.07037 
4312.31 8752 5000 2.06823 
4312.31 8752 5000 2.06609 
4312.31 8752 5000 2.06396 
4312.31 8752 5000 2.06183 
4312.31 8752 5000 2.05971 
4312.31 8752 5000 2.05759 
4312.31 8752 5000 2.05548 
4312.31 8752 5000 2.05337 
4312.31 8752 5000 2.05126 
4312.31 8752 5000 2.04916 
4312.31 8752 5000 2.04706 
4312.31 8752 5000 2.04497 
4312.31 8752 5000 2.04288 
4312.31 8752 5000 2.0408 
4312.31 8752 5000 2.03872 
4312.31 8752 5000 2.03664 
4312.31 8752 5000 2.03457 
4312.31 8752 5000 2.0325 
4312.31 8752 5000 2.03044 
4312.31 8752 5000 2.02838 
4312.31 8752 5000 2.02632 
4312.31 8752 5000 2.02427 
4312.31 8752 5000 2.02222 
4312.31 8752 5000 2.02018 
4312.31 8752 5000 2.01814 
4312.31 8752 5000 2.01611 
4312.31 8752 5000 2.01408 
4312.31 8752 5000 2.01205 
4312.31 8752 5000 2.01003 
4312.31 8752 5000 2.00801 
4312.31 8752 5000 2.006 
4312.31 8752 5000 2.00399 
4312.31 8752 5000 2.00198 
